1413889931 572454191
3143410512 1261823022
436189641 1879759194
2971080424 3201371585
311038350 3394037679
1168202615 3112439670
319180199 95295009
1259711219 3429992133
3279325840 1216881609
3563914613 3053636787
783745986 3858298969
4238558 1700957234
4285502296 3831369078
736371846 1171565557
4091973246 1784262012
1004329926 4111628282
3515339548 3396225525
1322896047 2250415747
919700059 3650308852
2123982486 1954130767
4226681922 1801603194
3839246942 3449098152
3720509087 3255688441
687216616 1013379792
1044603023 390692968
3411146458 1204135043
2474278588 1485806127
2598615108 3830039423
3415584238 2389534857
961320236 1894477476
4267826036 3889831718
794682635 4216322113
1584973132 1314227573
2386600222 2129157489
1406671518 3247061594
1356910119 1287489153
3200431539 2118869679
3822666002 1889486243
693761071 1502554596
1402319366 908593687
332607237 849737428
1843806190 3196595970
2276679366 470045880
551374444 2173032989
2872417308 3367522573
1913146516 4274956947
1558609199 2437108500
2362547797 3334176747
152225010 665666501
3178947266 2124153752
3964522454 2029104680
1240041318 230430745
2827890902 2314325262
2402589997 178811854
1779367574 118561611
155038616 478116466
2851146098 230285734
2232948316 569431573
2735573674 2177028864
343995804 3439660496
2927057382 12933009
2280456526 2521064420
1647779321 632738025
2352044480 1390721801
2146610936 908895247
120880142 3645391014
1157402737 1847083069
1007934953 826842689
692312310 294552025
481441987 1178350611
3123926306 3164974762
2296730820 2859815974
33073779 1467173878
4019670303 2510345014
2236846975 1064739966
1817369276 3856648855
115078811 3664948170
694163336 1835360441
3633101441 3441303284
3585969845 3236679853
4090810794 1567959326
1378756126 3140089956
1319333876 3554900392
847672635 1936640921
1543895299 118291057
2552683121 2891337035
2968962336 1981038948
3636255388 931186560
1277404191 2283988100
642610827 2117853989
2194170259 1060521167
3631311096 2320787471
3483624119 216964056
114510018 2369895640
3786115945 358256047
612284299 1457327044
4202046651 953411411
3294915265 4003402768
524471813 1571903867
2499357366 3075557009
1681289171 729122153
3724860590 2462578450
1538719768 3698190308
1914283794 237439627
2337733134 3492485151
3973056990 3034767789
945906084 3585785937
1189185971 854079319
3938005768 2429778312
3557040757 1527376389
2966925623 337890170
2054634190 2854494018
2039403596 512268769
1454067464 2264891979
1107506920 4059370599
3515561878 1828827341
2522789928 3625939204
3273841698 1793387772
554885006 1518227359
1196817242 33919110
604746312 3408928594
2044694208 49901545
2289071253 2288967376
3262211134 4196133901
3490686974 1006630157
790080271 2489250009
1169069536 2729707024
1194482509 480315972
2825711266 2316677562
3439852644 1408888542
3090465720 580122381
814730039 1227653233
2508727437 1101707599
3454454836 108034869
505845327 3299171818
1029798717 1635676347
1239357918 155715274
3363506680 886042168
16057823 3047999922
1048720655 1613061015
3742540004 2578324613
4113235205 2171339966
4106296519 833355564
1463889189 1453611618
3421085611 2866867876
2459219343 425738404
4187451385 4267177757
3741290450 2278394585
1658461627 2796742977
2642103357 3630948638
1114611902 704460187
789561559 141829237
2622311262 542349124
1399024406 353889686
1932214757 1382488139
3487686803 3871347019
67639548 1595042981
420576234 1548477824
2529295244 509574760
3461179058 1781504914
2665886619 3540989095
197186953 3213477986
1205024127 701202594
3083901781 931393277
1905838637 1991895103
1970933824 2153867078
4040065770 2167791527
1913703537 1509879033
1716154748 12787027
958283869 4277861133
1239976322 3931404274
1570830274 4178108905
2154235635 2267283130
1127411286 3091554651
3934569248 118825042
4006681913 1147027041
3684344857 1351813304
3045004772 1798239973
1945176691 813566770
1135472879 1863701560
2183313468 3675396814
2193290165 2475688233
4268093763 3211049318
3250943822 1372120284
1021908453 2289430833
1057259538 2024814958
3924056939 2682033653
3694047666 2639476287
138513278 1252940904
1964041153 3177983900
2156887080 3043884272
1401583799 341439151
3462678447 1076349781
527372513 3787561774
2928167445 605430478
1218431570 3860223778
3608885781 1533013742
3365750888 2325068107
3248635956 3350137997
2485658851 2012533573
2404119737 1607508869
2214300040 3755773742
2896314468 41049171
1277129301 1440091745
1644462440 2340254668
4053606061 2625277819
996660309 2623662923
267720875 2742665512
1874161600 2913282180
2962175621 3570863534
4230090807 3765054075
2366811298 4180750758
2105260431 2685898994
3806801802 225976423
2641253967 2986467674
1463788907 1895033468
948762770 2532027769
2377550201 997709500
1324183648 3344637783
3051212706 2899521897
2026674207 752067098
2978163709 3391565369
1838274915 1516137719
4086905626 1163252935
577302360 539470800
1299095919 3363957201
3921668730 512657727
659028605 3604538844
3154426913 721810101
3124169240 2030754099
704450587 2641772153
2199318884 3707089022
2296010183 377840331
3352451344 2149988647
262192281 2298107689
2725283492 3986323574
2132868195 4225959491
4251837268 1265164315
2659534998 2089776084
450939212 3030437511
2550660800 2769233322
2272717888 2779608470
201643811 1862423640
1469378955 18408168
275159058 3219790497
1303946263 3109575207
966757857 198355929
1703238524 1317655159
3232284537 2932456003
824214179 919732616
762175451 1416722113
60207443 342577691
1562861368 1072692181
3342094609 1165408923
825987182 1050020787
1367447628 1559682807
105745424 3145072650
2400740440 3676369517
1216457703 978373265
1277040288 2419071942
252594771 3993314419
1490695373 1797871403
4020608232 243578461
1172395428 1130113378
2873874719 2237496073
888318323 4148159493
1873719512 2458802901
1508187969 498472037
1671833674 4221307129
2845506064 1748931408
1230447034 3351993675
4160319967 3220401388
2615599228 2460805559
4124230980 2516654331
599997889 4031401183
3671159309 2312107261
73933462 1036297171
3718329940 1885254782
326018138 4242224664
4190984824 1755071457
3717475649 2989885574
768363632 4116644392
4045071302 3424924746
2260985855 3531944670
3405230321 1495686077
1502064869 4065437799
1537417467 3913808550
3585077522 1499539975
2611097762 1515688127
4100530014 2902188713
3644525278 989169960
1870612916 3695410047
3806473983 3563613605
344035532 2090676556
344069623 2763205035
847297698 1503487543
839862997 1009988255
3804275800 2690819629
3989474880 2569882048
1427720780 2618407856
677693934 3092289025
2041731388 1280991797
3357495687 3807181785
560425414 2655139887
3720472281 1581372589
1891541449 688229872
745898815 2243703891
599197346 3068220152
1756330440 1130400440
3958509281 1803162514
2443461799 1053520831
240306644 3558030056
3318541397 2886792690
3676918732 1409012371
3937510383 3629861851
3585141914 3504887270
1689592436 1003909171
3581802441 31519118
1094358537 1887768347
1298158626 653629152
3919785451 2573532471
602255257 3031563712
1922076976 3539295759
3075879976 2385085933
1495600537 966247428
3001023021 4165959840
3732941014 1381637465
595620347 157288444
1302836041 1790482916
1274629463 2343082794
4026945725 3313502481
1754543420 2553906282
1237246721 2932628673
3196410195 3817465187
2398987647 3770321490
574286274 4209236227
2961591298 2723477385
1778377192 3153885595
1417557231 2583763862
2223473286 3461360278
2599958486 2834395143
2252299570 3519039039
2096147296 1285104526
892470567 487375466
818461468 3060252025
1961140879 3069893755
3886411644 2302587802
799797836 670807278
206373373 3167916041
4194992365 1141122518
2347572149 309210996
4044887380 537601581
38680442 2089787914
1367410082 2398373441
1346120564 1741177419
1064507784 795624514
982746103 924680733
2341412345 4163526591
834715356 1840389050
2708715007 1279844004
4213048074 2825503024
2424080444 2412495792
2510449323 1107738976
1390956663 4065002639
4017845233 567116829
3892689259 634501147
428921471 10612371
3343053268 4001657473
3647776739 1048096029
1999799218 1629207385
368728209 3638471313
1627930970 105237713
3667752076 3500400781
3871845611 254476918
3285912144 840684371
676963745 3111503912
2540882696 1899656096
3719939408 2010292161
447460460 945986336
3832561175 2065347401
2686280424 2322332269
2793186744 1225891333
1146597570 3820247864
3996900353 2658959851
1853622341 254403079
378115808 765367179
669438619 3765956590
2368434237 2542985599
1748383177 3587438976
2518127396 1952192773
3178101236 434937619
2652315662 686894811
1017957561 4140230662
2078418592 2919906629
2025619188 400119662
3900700409 1507758519
144435713 4177455252
108161701 1833927050
3654190995 2561196888
2734024494 2474452856
3895466706 1240616423
2918938015 467965434
1018562685 2748145071
3532232421 2692764352
2954023106 1872899260
1803500853 2368189849
3532373067 1303134213
714362724 1645644608
1311443662 1808451622
384886641 2375835435
2345916785 2625237999
2573667711 1344079054
1529391538 1516517266
2041821790 2442221140
3104238751 942106748
430815596 3879575990
256402391 928345576
2329670751 3657495763
2046645156 1909394697
1598682101 2158378751
1928540845 839226583
3910859231 4218696651
2092542709 648839891
3721453091 660566775
1852411930 3752438913
252910030 4196149076
2541567999 2087444223
3158037444 3070614961
4059853589 4006006514
1017054666 546278481
3518946986 2493826205
3951531333 1555897793
2612371338 3145032521
4229678694 2914689540
3568807714 2991415437
1389451766 1570350133
3434769064 499095041
1536730716 3155738847
3700388630 297138361
208891059 1239287887
4001707821 4270218555
1427965092 4045701563
275983904 1613955065
3399308887 3035640843
3664485481 3302603856
2319300975 1683057977
3340249890 1484207041
3406707195 3343238180
3579128037 902696504
3236300525 3936390291
2350491148 3976411729
3939632382 3900677183
4077981766 4077419098
4235115351 655350237
3742143512 2151447568
799698504 3829108398
3674138015 3066477017
2491704442 1683357808
2637624409 1700600559
2825044219 2260503249
1858259173 3189923027
3690118748 2637262869
1263076345 2668211382
1070774636 3463450016
319661005 2874430158
4293593293 2199222838
245151850 3763954194
405818289 729880948
2922624670 1540526338
1060726329 423591172
3553969071 3786615727
2100651265 1861728273
1917998428 1388169418
1054541011 2705160404
2336802393 1194513853
2864997639 2484573990
2613916521 3738820635
2507655932 18183341
1778677353 4212974476
65278256 4153709956
1939442548 1669844644
2343905627 690642948
1977820812 1404454899
3452599638 3831015337
3333736956 3550061773
3754392777 163091293
2156800025 563404015
2348142122 1316055591
2939562621 4286133403
3516701907 3812921862
3585164178 778213599
1187930867 972286257
2080449066 2638355604
2731974570 743177789
3041200394 165016507
2893803240 3519167188
3456451406 1783959504
3925482316 2788193634
1345295270 3358678553
3723535782 2882987269
2950051695 4286477999
3155403090 2465293646
3405239946 2380227448
1584205594 2129205613
179462151 953136500
322740373 3216768731
377671894 2685877917
4087288437 2512087863
2944805254 3435604663
4285836379 1874875032
4047805189 3976886073
2267216360 1566490571
4061615378 2950312840
3668177837 371368441
509570649 3875477107
2094108822 3049280517
2616528611 1006250571
4085426990 1951026989
833856526 1451108537
2196796344 1946909815
1905895560 416203268
2831121718 479677900
1515774175 546532031
43339052 569567116
1611808058 79570659
3798561837 1835488928
1056602639 3910840890
3124375158 4102291946
3650568259 3191323053
897642594 2099308832
3165100438 3597370576
2130351372 327250792
2953388849 3997685483
2693203975 3481319423
2060268332 2648418332
3610535278 1891471214
2399477930 2206658061
1601637077 2965272414
3673233174 419518662
1603226238 518627705
2456143174 1586233480
2866160220 304727286
1960180304 3015014748
3710382306 3901628378
2342812193 2598987330
3286659068 179072215
4163451005 3622893505
2523449413 2174780032
854239616 706235851
1352804401 413021124
1585899201 185241932
1481956818 3047213747
2936275373 798873184
2357515370 2028743108
917356757 3294723335
3889394507 239364124
942169871 4005940902
157169301 917664216
1921552567 3823243179
3231631889 1943584476
34374492 407594067
2965252597 3870018045
1788585435 3464472534
3696381891 3207760771
2397260605 640349405
325985709 1900330339
3674781918 361494132
2954498538 1495514292
4166869556 904458603
3221408697 3920278523
158480945 710964782
171334998 3778325421
4037325354 987261078
3292836311 3749687367
2310463131 2428267441
3296214936 851917720
919664852 2082917634
3889584394 4149310407
2143395829 4279952510
2617358542 746889772
662529098 2653677684
2210308098 408455765
4046406924 2553301796
2628334736 2509820683
1060315768 489047027
3936892481 2740035998
3436734074 2408688180
1666752777 1926554030
2455295476 3388357230
4257837531 1639953858
3510746947 1963156608
2620186333 1388449724
2824983256 3255677283
1042892287 221175994
75035979 3100057188
108420538 4289537919
1637802862 2603096325
3458158252 1768645746
1557823151 262514075
4101219197 2388282644
976040074 2183193210
1669480086 2075126623
325011712 1738235310
1243761205 3865468451
1806225932 2331862907
802548007 2648959468
2220356840 1437981448
1743543848 1903283647
1053076659 3263428306
4199206907 1704930956
2713318537 3749961971
799348224 509621184
1748596771 3398152976
976911821 2074239837
2635440819 282869093
441336714 2773149974
3917728251 46529622
2803929390 118957248
4287927162 4126308128
2989720597 1003740196
1036444549 516161163
3106304229 486592378
279382556 2514514763
1567708836 426909245
3156455768 3506955600
4212643590 887929980
1820638251 1640126329
2084557251 1781738663
3154681990 996496490
454886618 635715762
3126634372 1745112025
441635536 1712922651
1216082823 402220458
4247048584 2908682064
3424656214 3346304276
2252460728 2977640203
1362632213 3185389006
3503954577 1407819763
65995875 3783843515
973048881 1990455281
1542954411 1694169638
148119327 918362439
181901611 3266316415
2382755103 545855278
4292917585 105055348
1677044848 1248853021
4087470893 74175456
3926357042 4178012034
1143769841 358139220
310402158 2600095833
1978950714 2679202192
2374797619 2560037650
2368818780 1105097588
1393444343 1014305682
214729753 292993325
95345107 2758303113
2514633130 2852093082
4033847747 2966948305
3502328400 1605933255
548823133 1937241003
952634787 2106033027
816945419 2479283638
2549456824 1742596038
81198466 2635776417
24959432 1912853979
3253687009 2459926798
3877172135 3574649270
3813159431 1763892274
4083634018 1208953333
301320063 188408670
3493618810 3495179560
1050342364 662349167
1783697489 2202600213
3506971150 3359747231
3929215058 4099245665
237189705 760656560
1324958512 1036044991
3511034758 2362502993
2619613764 3411938104
1673081264 1789460759
1230001212 153707389
2978692270 163217861
1790281402 3700777657
1346778529 3929917950
2859018593 2340757462
3105482100 3033141962
233582163 4146139978
4218478566 2311059170
2184723705 1200848260
2525139720 137990537
1898277308 849364460
1107250556 3594000588
348851546 746231633
1419101543 2280915892
2175333341 3417923284
3736839571 2101497302
70809097 301229983
2667751505 2088076898
1887207992 1946953400
3757050161 1084699315
3078290267 4187618893
1561444913 3740982254
51044799 637905883
4261128625 1013960887
168239753 419372588
2442290090 2593945877
1134829981 3071144388
4001853269 1989687617
966459642 1096347901
55538831 1521280906
645608576 2842165276
3865564418 1820531526
3090339268 2055810995
1003181229 3836980354
161417794 1958534401
2175997050 3962320514
226883378 2312385566
1572185459 1251037190
105092266 436921861
3890554039 775128498
1531024860 304054532
1323682625 2132082834
229554528 2451317044
3944097240 1373402804
2209391998 2936295132
1860742616 3799376571
3377596431 29532732
2023156032 766828479
1085417009 2485783012
472388975 896290628
1928879683 3830625284
2225292578 3888786179
1836312571 790872958
356428051 229641816
1561376750 1849811233
3720345730 3252926212
1075002652 2802059256
3679563988 4024049208
2603138539 4028485332
4147967553 3476774738
887413596 199164537
3586018033 3278640228
2593243727 2019178186
4099746991 351380357
326908350 128167077
1036835350 3426998078
1592497501 835467782
4098649028 69442145
3861169768 558583453
266654128 4073372280
1973893750 2547194223
2482466623 2108676431
269094879 1402259280
2172975883 1889595935
2697686402 112869502
1925704186 3723006729
870997745 3879489102
1350219663 2239692391
1489095383 3247149200
1301571485 3657318266
596531883 2479564650
233756759 2875317787
3186798989 3402775281
1868009196 3835268192
3964282211 2596636839
1366295126 1141858313
1511801548 2730632465
3202580865 2812139347
4106022620 833308005
2549954737 1194601947
3532540834 305784142
2281671288 962566068
2640411679 1403337283
1877548474 2684640451
1059183002 1395318232
2843322716 3622379450
497104230 970383051
1322424101 2815367155
3218880639 1792963858
2277285694 3236844962
4267313806 3118593768
963759319 2466952244
2320129967 463891276
3799836490 979254078
4282310485 3796968826
3068881690 3793698657
758742641 3518810832
1252432414 2465367628
154104717 2692413719
3642744208 1711261472
2339664901 3348121482
2121979761 3548372513
2165669248 2850668161
2753012745 1053938337
635929060 1975951658
402285549 641874586
2903881336 2649614401
2452863346 482721316
985680491 3886652926
821007656 3235181209
327024807 185280780
2373665923 478729918
420298220 3274016797
2555083029 2238317731
2592275491 1226714760
1677327093 2926267506
4186730073 573049996
4022708546 4157460419
2734394183 4285726702
2550857687 2511613220
504126403 3787211018
592640081 4204792999
2576452534 2928981771
1276621946 1365131194
3093800272 3077337346
1334227869 2525699901
3982564190 287141425
1107328373 4243793133
1199165033 2308657466
2619806918 1414500701
757790441 3940528752
3558154360 852729994
1206719996 4167920694
2893251832 2926960855
2571794562 1753716048
3377574739 2834266209
495116781 3697075762
655548827 3052889998
2307262440 3856520961
1399494327 1438424050
3385116434 4048706419
240597296 2361340787
355643060 1143437097
1293097787 30457599
164571777 1996039492
3471648707 3116901011
2392384944 716800909
2759674390 1011103729
3654248969 3873305738
2307654822 2625754472
116722304 1881787210
3774544536 3613745238
3609258570 1353979506
1357018832 1619052126
1844725787 3546711956
370983864 3011913393
3833204357 1761307390
1808250461 780375833
2133266816 865165145
355454356 3834388862
2204938615 2753739224
2327559388 3359654132
2210778119 3787925973
1606031789 471710927
1252222030 3666233667
758881863 2478654543
3432491645 4026674659
1469827108 2815018639
1581727339 4289486069
3585232999 208294893
4152177643 151325365
891899273 3422859147
1561091230 1037225941
2135468913 3141627910
3575926332 2382213875
3779302346 3309757123
3867757964 1959777695
2949693549 3209132822
1102191178 3562304329
2552186528 1564907531
917206574 3628756083
1249158315 3087495760
2019640552 1469882530
2569026187 666164411
461500967 427425532
2683244566 3541186189
115597238 2909454094
2028783216 4251620488
1057241617 1689062913
2955860636 2773224761
2113986184 890504712
1826834597 4060613679
1782543047 2003897025
4172216140 256115054
2377987634 3923272315
2036861306 1084612614
3201195813 1187871864
3113301017 3290069584
3922233847 812460761
215091342 2393294359
3675808862 1202556942
875666439 392338348
2837998321 2388094065
4086177931 2469893657
56885561 2872392366
685992555 3054292892
2281149214 4033185159
2208705736 65187988
2859542669 1439623039
3510976292 2599245777
990321722 3705678282
1127372040 2332378724
701803397 3829512270
2430083516 2132183196
77923445 3128496218
780279998 1889013158
1395243102 1685080494
795505872 3730204081
1646718526 1226953927
3885162364 3901518964
4087219836 3945469377
1153824552 2651580032
3071846869 3538771095
289896036 1382621770
905914399 2210885449
542497908 436641932
641886297 2494391233
3046182699 3980982528
3460782125 3190542761
437133193 4233209665
3802065029 1365694741
1684507895 421054643
448341610 2987152753
4115117469 759958209
631300390 360448471
1895949536 707987026
1900085235 460382602
2149403066 3273878141
3960509234 311186103
276551007 3565897716
1620446028 4090953813
1525591229 1887251280
795908314 418634111
2273976819 3288402890
2915400296 540015613
3525643418 3059327684
975620067 3215715076
1312624249 202733665
1503049770 89821492
1335153508 3096164208
2254826002 61568528
1430605206 812793933
3665441334 1475788662
3747818897 3113645026
1005576627 2061305625
3564987588 1396499798
2825836727 1490419239
4096423369 2292071759
2454353190 4199082120
3537626889 2472388944
1225112407 2205356802
955199109 2949230633
1393388170 3838804917
2047962370 1313777613
2206892956 476637756
3729776180 1559686041
12626265 2523161587
1714819687 4009129530
1609163781 937040143
2792547071 1039110058
4204793669 2420433509
2261966392 1269015513
2442870320 1005672794
2134836684 1624766693
168008596 3982179563
1661077744 972881622
2156839257 111304641
3231530291 2329040021
2870435890 2975015656
1767966457 2855056277
2654900700 2532320441
70942528 4256345891
3925743241 2180046338
2688174958 2922722548
3609590674 4084152739
787758947 4275120208
34330132 3302168569
2735950381 1014949428
1251589092 172719252
1747781980 1759214539
3263486570 720255914
1142849249 2807997928
2805644534 1231992809
1827086755 4220748646
3770200817 1147208560
1449970728 3185399424
3918642791 1707219189
2466734465 2568334618
513528842 3789462739
450943170 2729112750
170430245 3186465001
1077621455 2319028357
1130395148 3360435817
204141873 1602174957
176615671 2541461319
3361156860 1096421823
680136539 609289838
2908031489 2794482656
1408756387 1627325541
4246159072 124057135
3736897445 2938429004
1853659198 3325262684
2422665944 1549859521
3942860301 3321930759
4227777978 281802547
3046471205 1152220987
833746513 2790149651
4095834806 1739267687
2539907812 1239647970
1996286956 3301985183
215837132 2699571843
1557804281 2344721218
2183654124 1685708989
2739595632 4208591479
337555432 114950289
4164337957 4247250075
790796041 2901630678
1355162750 1207538882
351300409 117838841
733382486 2571236663
2439806901 2993436690
2301923568 3939943444
2529346323 1299525161
1014179104 1699027330
