1658538199 3083969211
2544145490 870480737
2575441876 3671731778
4171742761 1888857548
3306262199 4237413327
4031435782 1288090303
2583681949 3283390941
14456298 2789660128
2196149425 3002636257
1961048678 130397544
1527008008 3731155223
474613271 2221753071
3893931645 1206893085
3779309918 2029205820
435900225 158896625
4192974499 3605762204
773668841 232606148
2721797277 4139188002
3815739706 3153002537
3992556455 2825914001
1300135865 569955880
638214173 1890740525
1975325333 45355087
1372689195 1383613879
495022007 1357092193
652101402 2023586134
1463788682 2118024355
2557149381 312725185
1417776312 1834470878
941259645 3171215164
2059655703 2245546195
2625323906 2818021302
1706789673 3313621062
3333290194 612769165
2177344703 149858204
1423730655 938498199
1004067410 3783649629
2351508659 3138019729
529024265 1632566395
1683278775 3928511222
2335629267 2100396679
3349489223 3891575515
143934022 3529108210
742781151 2412388097
3798538608 3845084781
2907953053 3631484039
277947559 825984996
1942043545 3743677110
371171037 2150308326
1841629496 177402187
310119571 3705091713
3999083820 3587510918
3903808042 190979470
2360504107 3662476386
4288132380 3699375370
3464878541 1755715875
1805706133 3658034762
2428641857 3675284707
3622100585 3509170259
3175532631 1410136749
152804176 230085062
2205862462 3230459501
2346330655 3625970183
3868125333 3749355978
2974121821 3987613451
1161166597 436329629
573112266 3493418384
1835861030 178748925
3145016584 4226314010
1919151095 1025908110
3354887577 1154359202
2691658678 1815070916
732726782 1705528828
2196556558 643405351
532775977 4203543044
375297082 2756522984
1655331965 1678355080
1807602137 1492652637
3031255431 2204776495
2823147282 2150561843
3475932210 618089627
1264644533 1296312174
1100179670 1177287707
3530790007 2765006979
2718795647 2709293171
2778410415 2984535679
1216648014 1970114136
3258940331 496164685
1451532370 2583424641
2122677610 90339566
2239079432 628375515
3353811826 143000885
1452511773 1803473911
3193473887 1664637810
2273635135 3032318306
2890468995 3421058515
3225252529 718140422
776697654 2765306676
2805188696 3566371861
4294111916 717466557
2033952335 2521502614
754435888 3935318692
12346812 4293709215
4197181276 2038738710
1079426419 1018639334
1551772425 514755842
2466704006 1241145904
235966554 3769500859
1830088772 1554819642
4004667061 329797750
3560652596 3086724035
1503550581 3874541623
1251072106 2670393139
3378944285 3799913239
705687354 3282238924
1226928029 1046673933
1588564155 4092960791
2343031823 3648395491
2511764223 4240268784
1105932630 1803330527
354341911 181466459
51432509 906224473
4152082506 1916458986
2331183321 493472927
1131082817 3681586352
876352446 3669709915
3200023151 287518295
1369936620 415811101
2704165906 1487493222
1856165824 2875784613
330135008 714218155
1934242598 2592548899
2942114625 2848279965
3003082676 1005265946
1619200968 574364540
3325749184 2877758597
4139777795 749971492
3980476140 1462539092
1520990614 2802763943
3451635975 2673572607
3703787795 2845008295
568615331 1303373993
2199742923 1967600671
1652879553 4009103719
2709313980 2844692918
2820584637 3921028986
3371271028 3217657976
490557499 142630860
3082862446 3472908395
3748777138 4281860739
2941026878 2657466014
851485659 2040668683
1695184046 1026050370
3598451241 3693410552
2307974675 2712089403
1452159491 3252928919
781350573 2248446197
743614951 815455948
2914660894 2902090453
1196085819 825275399
2316327715 1146573760
2749507535 1753375551
2690521101 1869629979
1442031659 1058396700
866382778 2400742181
3804314487 197824482
3781839349 4021432032
3701834176 1888564427
2965446323 114106927
3600962636 87620101
3038157943 887104342
2453706983 498525766
2774568086 3727009549
903606301 1428612578
2855959052 1475106359
1818173764 1288327415
670384779 3672536572
3130277650 3674034552
1033448863 2743485257
3056627020 1142945074
530789778 4015525987
3663883518 342896518
3704437903 3951015614
1976038214 2143117665
3664085631 1858792398
1681826570 1053574266
3780579925 789420603
1309101386 2867260772
2528810271 4136321772
362809198 4061012708
2634964201 1274282103
2347912318 2896414183
1716420774 2585030034
2737352574 2348896079
4082855339 585780858
3554520080 2749573440
4271037877 3703382173
2527165308 1111082997
3910121671 1994199445
755659672 2891767799
1339832531 1574151972
2755147316 2985708517
3493388798 1679474899
243400910 4240358155
913310176 860941100
1863692300 4243006234
161280376 4091379417
2599227587 2105971728
1877718883 775080673
1302121812 3969755124
3881230127 3068682624
2733542130 866836506
168435167 930285197
60169100 3104371548
1793832677 1976318452
3824204730 4189266675
3272311034 2148429212
3849151157 1466395262
1877248613 1003141518
1557391488 344958010
1740161687 2878667214
103030862 982352639
3272557294 2155097541
1089716678 2803497800
2275048073 895652416
1172011425 3037704239
2223392224 1219187481
41359005 3116907606
281376792 1709069266
3332475342 3457807416
2016025649 2070878874
2682050225 3442160599
2961007314 2044762961
1789349512 3813340063
175134487 1158733235
1122543710 1727608233
3645272396 1646058363
1144031273 2270184949
2673041823 3785210899
4072719623 130834215
1529081991 487500094
823533980 3051418203
4178808017 3184044723
2468954343 2295513230
661633820 1393156376
2557446064 1762477999
3411437361 2956372304
3837141093 1002936567
4189068744 3366590093
3248448070 416113760
3074478605 3049140617
1089925735 2103170513
1837670910 300116315
2648001369 466563123
1560259330 1972823491
1419741745 2970252763
3611281375 2767159642
362091388 1031885854
1991307237 556564349
4292625305 3308731567
442606703 2555836961
4264228108 2500461520
2809819440 3516824549
2886465128 2439041892
3200897345 424244596
3370039700 3303922677
2002608072 2359280887
1858933845 690397202
636152935 3827196074
2471886268 672492222
3106057709 4124945846
3135836756 1080663377
1002322026 3047387160
2062089956 1507238282
1363344134 113161362
1236118390 3801695055
2318669560 3157677533
3477665767 365939209
1316648810 311049349
1973936582 3945014858
215012065 162830092
2177140472 902836399
14569466 1998157695
1736727009 2159294804
1984768951 2024830695
4096945308 2203429790
2097712654 564123315
434380896 1678935193
3709312186 1889860908
910141461 194160726
199418990 461578113
3798821611 4217005147
2731222970 1657716554
3221307008 3436177533
3427323515 2002226370
415027193 131510724
3102668417 2739151695
478874530 974484094
3769580779 1778147502
515036703 1800091897
1581043266 1071540208
513005083 847374910
2333486494 3425178310
2315176670 3603996304
1452635699 4204738151
3248995145 1765661227
2257595253 2283899643
2935723100 3872444221
3454849985 7301323
3973017868 167197425
3572186437 3355655182
1805775510 1297558981
1502512641 2367624280
415840904 2190845971
3528780443 2189876335
65013755 362319647
528677107 164903965
2895305828 1652647344
3364046152 2731416569
1242341955 1569020784
1344852329 1480869840
3093902488 3092575922
1299283106 3044965180
823928788 1203017649
2151766473 3471601677
53628689 4275956797
3981054922 276156247
4198617365 2691769078
1504933655 2137555720
1307628589 2281800030
124556990 4148830166
259733113 3412690901
3518515057 842551016
1516950283 4017257602
1715499690 574837542
1386986966 3036638565
3077740142 2399778691
2421648669 84928434
3011019197 1494610194
1979736270 3707964776
2029794744 2574506085
3127127698 3920328648
3226587134 3070895399
2585105765 1140455060
1631548970 852511823
1621131083 1953963719
3801382778 1386133983
3656078602 4217123723
2235666424 610213578
314249802 3028507503
3037095538 1157761446
2482355649 1010239386
2736274572 935962889
1187211802 1767142083
1157520816 3662334546
1376858818 2015324467
103629982 566192403
2448315001 2521145462
777712392 3086259026
1301332907 1867264935
3033617720 2784811238
2220158181 3325568117
3537203065 855446686
2629474212 151608400
3065291978 2092321744
3174611223 3260274939
1171333949 1806929762
4159273973 1038277662
2790158547 4076982051
767763866 2212399414
1497779079 1067584261
548555745 1497361635
1944575621 1360843473
1694201119 3664916730
3456913254 784747080
1753414745 3256433673
1983220979 1463025570
2478355829 3179097276
586052182 3426060013
3398900917 4138617038
3559456990 1322365997
1806800329 1893669211
4235984411 4182078550
2332636320 854870475
832471250 3225754952
3829946197 3431286840
1398553953 1071814671
2791504821 2892388515
2618905265 3569317759
2034271387 1937694693
453393373 3180287652
924275611 500740199
890646252 2084816927
3580776676 3103006997
759019232 2425180079
1887403632 2494529342
1533837006 2100918566
3952437437 922485213
699126462 3394519914
3070149570 3471858615
2005601021 3008082631
2646620661 1985993739
361853219 4217616411
2688616323 3352849184
3997968923 1812044560
1294721301 19287311
2164051717 3336228058
1926620539 253174548
2754932599 3009998069
2536534487 3465105601
1682548045 1325536499
3695841273 4258527669
2604205897 4206098339
533476152 4145268891
1396656368 750683084
52709631 614133159
3221318486 991129254
2600570054 158691033
2621675664 4194383704
2277221556 1535285625
2761144787 3953487027
3391622112 2210297568
460939732 4024051438
4194139259 1676344680
982683905 1345332529
2741426599 517157844
1840308305 3958628789
3186953430 3282042009
3244744905 222203499
3230468310 2010958425
2730974989 733638566
3080763651 1036403754
460958019 1304562542
3533150186 47972483
254092864 2690967699
2514156311 1943084677
1243164346 452989994
810666676 3377583789
3799776804 1638835344
2079369586 157726791
2920950412 3020281755
4117929786 3733856766
3370652145 2927654226
1924416031 2879164808
1424791630 4059044022
4069995703 2615939306
2541982786 11319902
2951494398 125561418
631997593 1811480132
3785745122 1041887493
2756875360 3782228551
4070112558 723666903
3022149242 3956006900
4122820457 896283744
1677123915 1245018240
2357583635 1412498137
2036454410 1477901130
1152564702 969865439
1305800974 3673155332
1703480280 553248646
2210186774 2593730311
1715479380 569092010
1800039948 1812366228
868868332 2271765996
156083592 2292701116
897652044 504732382
1847965470 2225067613
3740136597 1672010264
1152212553 4099924974
2688467922 1594604652
1701300513 1682165976
2051254326 2578195330
4092123854 1702650626
2169544895 4213658144
173534201 4175368972
105275209 3117758103
4075863928 1252740311
1189418757 662653374
1923347632 3048112077
1772482142 1700029199
3070904436 2778303467
2052320544 1415998631
2595487217 564502165
1898920888 312495039
2045641276 2208684346
2945517696 768217147
2054717780 3631367147
3112908817 929790294
2586948569 672199411
3339414532 278051143
4148329695 286203356
2177800845 3983524579
1168700337 3803329296
4005857766 224616397
4261987105 2557054277
3015164302 1612180626
2096416714 96959559
2628108040 3566285073
863360264 963345245
4283200739 3529939768
1035844332 1568573215
2105980270 824491071
617765708 2528283768
4276648424 1183105564
4196778936 2366589561
3574078366 1887310189
3175638644 4229658253
3043042673 3917722126
4255297989 3032985314
786462452 3120209012
840482412 1615300553
330095369 2269004160
3703683530 2867385009
3086967792 2738924458
1558436738 3092943386
4171963629 1486679124
538222407 4144383770
835660225 3632214459
4076697827 4184858289
1185235849 3944223708
370450661 4237318024
2698563337 2759775237
897521122 2967108735
3300887636 3207568303
1809643730 2743762555
2265686312 2372704730
1713072212 431489193
1148919026 2046734059
1288935481 1077263836
1155752208 1855600362
2223348493 1593687012
2328123891 3332437602
2558832516 2400686761
1052617327 3568099597
2635944174 2637659503
3774144839 2152669755
931178535 2660606783
755267117 1484105228
3398686045 1210259121
3515841875 1133709785
454597679 4174572497
2340038664 567685402
3989815539 59509684
3197840897 2984249768
790777231 1502207504
2775614210 4070041213
3955392242 1747645353
1372169750 913600733
3941326150 1921669980
558919772 2621431848
3567965513 1282597600
1986057551 1950944109
2636250210 3533953350
2923805234 2743182362
2823291785 3579067059
2983129629 756530078
3167594523 758980705
4171486826 3026605799
2031082976 3801112634
3008124392 2099303560
11323658 1578254643
62067785 3748660548
1682772057 1197581359
205344459 3799970673
835775538 2633547894
3830008786 2443639007
3598046985 1623143436
302097124 499016785
4287777293 725360329
2607482697 1220106945
1776861613 3630228199
3825466059 2865254061
2634808312 3678727410
861093315 666706605
1536934782 3878331497
3208373910 454809692
2084904653 642359966
607688167 2473094968
3867480176 3701712360
398766946 1453956309
1991212034 3058607471
3388441609 2482663672
1480243799 2823154624
906732178 2782531911
1659801201 2982362223
197053917 2298928079
2024002537 3378017498
4008500244 2133612985
3999590083 3045457622
1172384520 2287077802
3580851190 2701895439
171473236 3247785622
3673023969 1364006591
2422150345 717727620
4152501163 719923818
2885996983 1562308426
2382978624 849624210
4254979263 3947251156
531798398 2410454754
2811815273 3379088380
2281667562 3697952332
585148495 1024816281
4276545337 3108629767
3685521356 3206549627
29898236 4264045732
810674766 3999090154
352824320 2832719377
3563165019 4131240105
3399848668 2582832472
2008365075 3098010958
967285217 1861647300
1251253279 1608093645
3703911119 79486138
2988161990 2272962390
2679989287 3381324389
4094874919 483680304
3819765895 1465103758
4223261050 1716115213
3758341038 1986679343
822433838 200370116
754523482 1364847759
3904287735 378101007
1960253007 3140446217
3591606251 2023271457
2140493043 1064768457
1987480025 1288345643
2417062612 1307108955
1991331698 1886593737
3507047588 1838936372
421003756 2964413339
491898353 1833138703
3170367839 2304099629
1189323527 2421163455
1597537565 1801075901
3662153479 1805550
1815703282 406461299
171273581 218274823
2481289240 920726106
1788120636 1519923961
3552082210 1868878335
2498314814 2017123483
347432781 2401034765
3456803062 3472742026
3891981841 2643890580
174196687 3029274332
2937583643 3753516498
3991498733 1294559486
1975924587 1412355694
2927588041 2136220033
1564466070 3962750135
2787393669 2698741793
2387702781 732852209
935228067 3310020500
120455775 2453871430
848721159 686202704
2230174614 2409987995
1499092536 3566578568
1969892110 1134459752
285231728 445917535
174788982 389648288
3663808700 204576997
3809778312 4089077819
3274944209 2978333485
3424342656 2007156135
210156868 3939463940
70514087 1064291207
2809717947 1843875908
4022719362 1168112022
2804858864 2441860581
2447390798 3765514650
3160206012 2632351299
163782155 399862533
1199375431 1065581789
1003287566 1044987199
3416582122 1630712549
2978746173 559178395
2370076198 4087805222
663308417 3798574497
816926706 375317860
3962350691 2661206801
3545960176 1779194904
2206826955 3174357556
2358509218 2403541468
2841610686 2273706005
643372129 1835514023
3176353176 3785944557
578432040 2823850524
1582754160 1659816870
3713460927 540082541
1294041825 3058608960
3041608445 1985774492
1689957594 1976422433
3010527674 2778800616
1777786899 2791240634
3377474206 1629320727
3302611204 570150114
694882741 4098956551
231647227 1904242032
1963976850 4081734969
122951619 866520901
126876889 772747273
3968167756 4214069775
2133535944 1724620656
2199787194 228273095
3267953142 3967808848
2386510315 1990151845
4196188589 210685899
2262756726 940625936
1024124147 3597077416
4066082845 2302873743
1613246439 750889763
1351565053 1651384482
1848690898 3435121829
3469207787 215831956
2386374984 3784882068
3268012593 1270698778
2777832027 714006704
2024400986 4069242343
2358817152 43501556
1437811036 534488776
2622612802 1939886969
270841777 872585934
556579034 1307912557
427616630 275026682
4206043852 4137536713
2409532126 1942186886
3036007533 161810854
1089984012 932440777
4116104542 1003729786
1665504583 235831817
4290823828 2376540378
3920282801 2074501510
3008265774 2473761397
3391132751 2245233977
2221483804 3522641578
3925534330 2960684956
1481756230 4224598319
1370044153 2483293591
3491593679 969336052
2993955351 525467873
4258267556 2939211766
1965375334 645582951
603861393 563442559
4211908444 648841638
3055939622 577667908
3577683557 3222988485
1530427149 3251208098
1523894907 958007225
3042713726 1004853394
1679003899 4221846598
2124740892 1515061671
3870450483 3929137668
4082091997 4253814655
1607842872 3248728345
1087323558 297062214
745646252 751559081
2370046067 2298579307
414724317 1535484670
2003631477 2660206195
1058254275 2080884136
4259574064 2929182872
1778904753 3143014537
1992287497 422301307
2110271469 4130985371
3441259773 3481288612
3652190111 3740846979
166575669 1434330978
3142474241 521826087
3820654035 986251586
493187287 998698489
3100950707 4138434943
2802964434 2701246605
2146316101 1100000187
1101304157 1147669253
1732990374 786866085
1622453356 4172656376
1143506678 196349040
938731201 2687538868
3506726883 2378036853
2704019234 1321549460
1902054625 479221672
4166286065 3890154733
3907325123 1515215600
861276880 2650022851
3453664691 939164365
3704534746 209883342
847647591 3782691863
379723398 3611331757
1580096861 2347275126
196104269 238991541
1054294040 118146037
2010217517 1675539121
765696093 2749639721
1980567091 2104701813
2213248701 976682453
3103029954 2989119181
155015028 1924079019
1053700870 1284732580
1548630450 1720982294
3959162737 2389358134
3675264946 1385125047
2584519755 3523933009
2503039027 168522134
2430723905 2774674467
2797504197 3955046648
2474149034 3758198270
2658504185 2971138431
522092739 309885888
3666802047 4150482332
2074738879 2552387585
1751709423 59920175
4233925908 2356501257
1571363328 3074940242
2367472098 80553047
494573868 63575343
3031478247 2832350261
761865459 1782504575
3530000571 747193698
1727582619 3132995503
3247392081 1984389984
3881414218 3110389429
2961801821 835935062
2193635041 3418580170
550404153 1411798235
964803936 2770889038
3875043068 3069456100
3043582116 26388792
3821360385 3193844011
1562683793 1831788632
665732517 961879943
4223947 654832559
517703895 874906204
51028223 4130843288
501596307 946290792
359000425 3716814400
2463197815 3821178793
4070939443 3327603859
2367312432 3784880747
1052556168 1784434739
4210241878 1883472454
4042761344 1698871089
477044021 702146846
3213047146 269214319
1431252503 3914539310
1446359874 2123942866
3301927325 3556434391
708051034 4195694051
4256593578 575276618
786053421 3084229068
3553055495 671873156
2160571516 3934369771
242878725 312146147
1401849730 3173554717
2935170454 1955915613
1671955375 2848689272
3116037145 582276737
181849318 1389009548
979839232 3876987957
2759572373 2194212636
3142265993 3233384174
3812263928 3290677755
1632264170 2517991599
518196487 4036353758
3890635334 2707984470
641056305 2481850556
1868628069 1945907548
810276289 3439697568
1914807835 4089953351
3935242705 3486040235
87703544 3947908255
530075744 1092232982
1411651936 1231479679
2690447245 1472387911
2872531488 1033484272
581701923 1473565315
621301672 3033176157
1599867329 3271225862
226654477 2891965234
2767670171 757780549
2494728029 2413237125
2495014520 3435810430
695879770 2267804164
1109616896 2119324155
22627748 1728098470
3602167126 963967879
4251908119 4183948188
2066166393 2355746477
3355323538 3296006170
1671059817 3669026813
2255779627 3781837645
2482160513 3134262757
2007672362 1691584129
3844818114 2619358630
2706987730 3637224156
699392359 971054208
3037110924 3379521458
3572587370 2373751785
3597602528 904322510
160484735 2981472644
1941881789 2622990568
1832836178 716548617
3196733732 1050102680
21988060 199166631
2695449137 964946713
340965217 1803831817
712695673 184950690
1101874405 1216241270
328074600 689283702
1021074415 236150020
3641026102 3223416754
2437703378 744620579
1213312354 1751442014
2669213697 34812297
3402773500 2755281334
1816030949 487342676
2906408392 3905432952
3588733783 3410861639
1961554240 3244275663
2633416233 3761323838
680963164 2951521556
1468470767 4023830947
2678836312 2423529311
2555946639 2159018322
1111693381 1675879169
2031355325 360177324
3694870077 1724835151
3947248152 1949897257
3661922793 3378255617
3628991356 958979751
3221274227 2647614489
2387321793 2596893314
359633334 756008174
3800581481 2838059370
1721320505 818209951
41466477 3078393218
896727452 2095745417
4266820975 1896180610
2275748765 2055061984
2411240331 2425079147
2372380805 594949931
3952292159 2161649716
3942768196 1763557075
268223492 969093582
3336615149 4048126156
364637693 1185394952
2344570188 1084059361
3061461794 1473223257
3363758763 3250918689
2737642635 2701975173
2191111895 1584666978
1436575695 4151482677
419343579 4211756585
3495292228 3175947056
2230749988 1055195499
4103767901 838842423
1817445546 1300740873
3201830216 1830466370
1931526830 2374012815
2959052072 3939526182
202373307 3599492132
834983740 296662766
642139165 350925163
2818821323 1079734611
2575921291 1285672055
2218633671 3268906617
3835191836 3493197288
1666064060 1422315868
1922921490 2260038143
438212305 3064694532
3303368790 4231322276
3916839591 2117638587
2800418687 250522146
773671392 3962637516
1124705629 250208082
2613492963 2063798875
764417905 144731690
3537145430 1797565450
1334017102 1604063882
2085881591 1907204999
1964875047 3837558354
1939687576 3877611503
2620607045 2538934730
2967336002 651966830
3870482583 935432454
3742344219 3855256891
2505055405 2525515992
643813809 2245988473
3368652950 2783077600
2502143282 923906828
2101362363 635656033
646350848 1408351912
3512136758 1016737477
377318677 2032969780
3593232527 2979800648
704370416 1512629662
2141557655 2020560297
1155994970 1793179812
3533262315 3574621707
2445399945 717244439
3534750473 8419453
4153226658 2024755641
851982647 1586097385
2228371447 3194134043
2599649535 4016020743
4014967345 848025863
1278065976 3131202007
2978345241 1379297804
2004338641 4028937051
2572471307 3766172115
741992533 4110268440
1674543234 916605447
2700621770 1213211726
2409003158 1093930467
1080439118 2698084756
1755930300 2378763466
1810340059 50896831
2012380292 1290436685
3058943664 4143627079
3505243803 3492459528
3174725599 4075968175
1780324720 998650458
2038561279 1370587528
419551631 3017373772
848268897 3232244990
